Relative error for h_k for two procedures, as function of k and p				
p	5.000000e-01	5.000000e-01	9.500000e-01	9.500000e-01
Proc.	1	2	1	2
k				
2	3.811	2.709	0.217	0.270
3	2.312	1.554	0.169	0.205
4	1.781	1.147	0.142	0.168
5	1.500	0.933	0.123	0.143
6	1.322	0.798	0.110	0.126
7	1.198	0.704	0.100	0.112
8	1.106	0.635	0.092	0.101
9	1.034	0.581	0.085	0.092
10	0.975	0.537	0.079	0.084
11	0.927	0.501	0.074	0.078
12	0.886	0.471	0.070	0.072
13	0.851	0.445	0.066	0.067
14	0.821	0.422	0.063	0.062
15	0.794	0.403	0.060	0.058
16	0.770	0.385	0.057	0.055
17	0.749	0.369	0.055	0.051
18	0.729	0.355	0.053	0.048
19	0.712	0.342	0.051	0.046
20	0.695	0.331	0.049	0.043
21	0.681	0.320	0.047	0.041
22	0.667	0.310	0.045	0.039
23	0.654	0.301	0.044	0.037
24	0.642	0.292	0.042	0.035
25	0.631	0.284	0.041	0.033
26	0.621	0.277	0.040	0.031
27	0.611	0.270	0.038	0.030
28	0.602	0.263	0.037	0.028
29	0.593	0.257	0.036	0.027
30	0.585	0.251	0.035	0.025
31	0.578	0.246	0.034	0.024
32	0.570	0.241	0.033	0.023
33	0.563	0.236	0.033	0.022
34	0.557	0.231	0.032	0.020
35	0.550	0.226	0.031	0.019
36	0.544	0.222	0.030	0.018
37	0.538	0.218	0.029	0.017
38	0.533	0.214	0.029	0.016
40	0.522	0.207	0.027	0.015
41	0.517	0.203	0.027	0.014
42	0.513	0.200	0.026	0.013
44	0.503	0.194	0.025	0.012
45	0.499	0.191	0.024	0.011
46	0.495	0.188	0.024	0.010
48	0.487	0.182	0.023	0.009
49	0.483	0.180	0.022	0.008
51	0.476	0.175	0.021	0.007
53	0.470	0.170	0.021	0.006
54	0.466	0.168	0.020	0.005
56	0.460	0.164	0.019	0.004
58	0.454	0.160	0.019	0.003
60	0.449	0.156	0.018	0.002
62	0.444	0.153	0.017	0.001
64	0.438	0.149	0.017	0.001
66	0.434	0.146	0.016	-0.000
68	0.429	0.143	0.015	-0.001
70	0.425	0.140	0.015	-0.002
72	0.420	0.137	0.014	-0.002
74	0.416	0.134	0.014	-0.003
77	0.411	0.130	0.013	-0.004
79	0.407	0.128	0.013	-0.005
82	0.402	0.124	0.012	-0.006
84	0.398	0.122	0.012	-0.006
87	0.394	0.119	0.011	-0.007
90	0.389	0.116	0.010	-0.008
93	0.385	0.113	0.010	-0.008
96	0.381	0.111	0.009	-0.009
99	0.377	0.108	0.009	-0.010
102	0.373	0.105	0.008	-0.010
105	0.369	0.103	0.008	-0.011
109	0.365	0.100	0.007	-0.012
112	0.361	0.098	0.007	-0.012
116	0.357	0.095	0.006	-0.013
119	0.354	0.093	0.006	-0.013
123	0.350	0.091	0.005	-0.014
127	0.347	0.089	0.005	-0.014
131	0.343	0.086	0.005	-0.015
135	0.340	0.084	0.004	-0.016
140	0.336	0.082	0.004	-0.016
144	0.333	0.080	0.003	-0.017
149	0.329	0.077	0.003	-0.017
154	0.326	0.075	0.002	-0.018
158	0.323	0.073	0.002	-0.018
164	0.319	0.071	0.002	-0.019
169	0.316	0.069	0.001	-0.019
174	0.313	0.067	0.001	-0.020
180	0.310	0.065	0.000	-0.020
186	0.307	0.063	0.000	-0.021
191	0.304	0.062	-0.000	-0.021
198	0.301	0.060	-0.001	-0.021
204	0.298	0.058	-0.001	-0.022
210	0.295	0.056	-0.001	-0.022
217	0.292	0.055	-0.002	-0.023
224	0.289	0.053	-0.002	-0.023
231	0.286	0.051	-0.002	-0.023
239	0.283	0.049	-0.003	-0.024
246	0.281	0.048	-0.003	-0.024
254	0.278	0.046	-0.003	-0.024
262	0.275	0.045	-0.004	-0.025
271	0.273	0.043	-0.004	-0.025
279	0.270	0.042	-0.004	-0.026
288	0.268	0.040	-0.004	-0.026
298	0.265	0.039	-0.005	-0.026
307	0.263	0.037	-0.005	-0.027
317	0.260	0.036	-0.005	-0.027
327	0.258	0.034	-0.006	-0.027
337	0.255	0.033	-0.006	-0.027
348	0.253	0.032	-0.006	-0.028
359	0.250	0.030	-0.006	-0.028
371	0.248	0.029	-0.007	-0.028
383	0.246	0.028	-0.007	-0.029
395	0.243	0.026	-0.007	-0.029
408	0.241	0.025	-0.007	-0.029
421	0.239	0.024	-0.008	-0.029
434	0.237	0.023	-0.008	-0.029
448	0.235	0.021	-0.008	-0.030
462	0.232	0.020	-0.008	-0.030
477	0.230	0.019	-0.008	-0.030
492	0.228	0.018	-0.009	-0.030
508	0.226	0.017	-0.009	-0.031
524	0.224	0.016	-0.009	-0.031
541	0.222	0.015	-0.009	-0.031
558	0.220	0.014	-0.009	-0.031
576	0.218	0.013	-0.010	-0.031
595	0.216	0.012	-0.010	-0.032
614	0.214	0.011	-0.010	-0.032
633	0.212	0.010	-0.010	-0.032
654	0.210	0.009	-0.010	-0.032
675	0.208	0.008	-0.010	-0.032
696	0.206	0.007	-0.011	-0.032
718	0.205	0.006	-0.011	-0.032
741	0.203	0.005	-0.011	-0.033
765	0.201	0.004	-0.011	-0.033
790	0.199	0.003	-0.011	-0.033
815	0.197	0.002	-0.011	-0.033
841	0.196	0.001	-0.012	-0.033
868	0.194	0.000	-0.012	-0.033
896	0.192	-0.000	-0.012	-0.033
924	0.190	-0.001	-0.012	-0.033
954	0.189	-0.002	-0.012	-0.034
984	0.187	-0.003	-0.012	-0.034
1016	0.185	-0.004	-0.012	-0.034
1048	0.184	-0.004	-0.013	-0.034
1082	0.182	-0.005	-0.013	-0.034
1117	0.181	-0.006	-0.013	-0.034
1152	0.179	-0.006	-0.013	-0.034
1189	0.177	-0.007	-0.013	-0.034
1227	0.176	-0.008	-0.013	-0.034
1266	0.174	-0.009	-0.013	-0.034
1307	0.173	-0.009	-0.013	-0.034
1349	0.171	-0.010	-0.013	-0.034
1392	0.170	-0.010	-0.014	-0.034
1436	0.168	-0.011	-0.014	-0.034
1482	0.167	-0.012	-0.014	-0.034
1530	0.166	-0.012	-0.014	-0.035
1579	0.164	-0.013	-0.014	-0.035
1629	0.163	-0.014	-0.014	-0.035
1681	0.161	-0.014	-0.014	-0.035
1735	0.160	-0.015	-0.014	-0.035
1791	0.159	-0.015	-0.014	-0.035
1848	0.157	-0.016	-0.014	-0.035
1907	0.156	-0.016	-0.014	-0.035
1968	0.155	-0.017	-0.014	-0.035
2031	0.153	-0.017	-0.015	-0.035
2096	0.152	-0.018	-0.015	-0.035
2163	0.151	-0.018	-0.015	-0.035
2232	0.149	-0.019	-0.015	-0.035
2304	0.148	-0.019	-0.015	-0.035
2377	0.147	-0.020	-0.015	-0.035
2453	0.146	-0.020	-0.015	-0.035
2532	0.144	-0.021	-0.015	-0.035
2613	0.143	-0.021	-0.015	-0.035
2696	0.142	-0.022	-0.015	-0.035
2783	0.141	-0.022	-0.015	-0.035
2872	0.140	-0.022	-0.015	-0.035
2964	0.138	-0.023	-0.015	-0.035
3058	0.137	-0.023	-0.015	-0.034
3156	0.136	-0.024	-0.015	-0.034
3257	0.135	-0.024	-0.015	-0.034
3361	0.134	-0.024	-0.015	-0.034
3469	0.133	-0.025	-0.015	-0.034
3580	0.132	-0.025	-0.016	-0.034
3694	0.131	-0.025	-0.016	-0.034
3812	0.129	-0.026	-0.016	-0.034
3934	0.128	-0.026	-0.016	-0.034
4060	0.127	-0.026	-0.016	-0.034
4190	0.126	-0.027	-0.016	-0.034
4324	0.125	-0.027	-0.016	-0.034
4463	0.124	-0.027	-0.016	-0.034
4605	0.123	-0.027	-0.016	-0.034
4753	0.122	-0.028	-0.016	-0.034
4905	0.121	-0.028	-0.016	-0.034
5062	0.120	-0.028	-0.016	-0.034
5223	0.119	-0.029	-0.016	-0.033
5391	0.118	-0.029	-0.016	-0.033
5563	0.117	-0.029	-0.016	-0.033
5741	0.116	-0.029	-0.016	-0.033
5925	0.115	-0.030	-0.016	-0.033
6114	0.114	-0.030	-0.016	-0.033
6310	0.113	-0.030	-0.016	-0.033
6512	0.112	-0.030	-0.016	-0.033
6720	0.112	-0.030	-0.016	-0.033
6935	0.111	-0.031	-0.016	-0.033
7157	0.110	-0.031	-0.016	-0.033
7386	0.109	-0.031	-0.016	-0.033
7622	0.108	-0.031	-0.016	-0.032
7866	0.107	-0.031	-0.016	-0.032
8117	0.106	-0.032	-0.016	-0.032
8377	0.105	-0.032	-0.016	-0.032
8645	0.105	-0.032	-0.016	-0.032
8921	0.104	-0.032	-0.016	-0.032
9207	0.103	-0.032	-0.016	-0.032
9501	0.102	-0.032	-0.016	-0.032
9805	0.101	-0.033	-0.016	-0.032
10119	0.100	-0.033	-0.016	-0.032
10443	0.100	-0.033	-0.016	-0.031
10777	0.099	-0.033	-0.016	-0.031
11122	0.098	-0.033	-0.016	-0.031
11477	0.097	-0.033	-0.016	-0.031
11844	0.096	-0.033	-0.016	-0.031
12223	0.096	-0.033	-0.016	-0.031
12614	0.095	-0.033	-0.016	-0.031
13018	0.094	-0.034	-0.016	-0.031
13434	0.093	-0.034	-0.016	-0.030
13864	0.093	-0.034	-0.016	-0.030
14308	0.092	-0.034	-0.016	-0.030
14765	0.091	-0.034	-0.016	-0.030
15238	0.090	-0.034	-0.016	-0.030
15725	0.090	-0.034	-0.016	-0.030
16228	0.089	-0.034	-0.016	-0.030
16747	0.088	-0.034	-0.016	-0.030
17283	0.087	-0.034	-0.016	-0.029
17836	0.087	-0.034	-0.016	-0.029
18406	0.086	-0.034	-0.016	-0.029
18995	0.085	-0.034	-0.016	-0.029
19603	0.085	-0.034	-0.016	-0.029
20230	0.084	-0.035	-0.016	-0.029
20877	0.083	-0.035	-0.016	-0.029
21545	0.083	-0.035	-0.015	-0.029
22234	0.082	-0.035	-0.015	-0.028
22945	0.081	-0.035	-0.015	-0.028
23679	0.081	-0.035	-0.015	-0.028
24437	0.080	-0.035	-0.015	-0.028
25218	0.079	-0.035	-0.015	-0.028
26025	0.079	-0.035	-0.015	-0.028
26858	0.078	-0.035	-0.015	-0.028
27717	0.078	-0.035	-0.015	-0.028
28603	0.077	-0.035	-0.015	-0.027
29518	0.076	-0.035	-0.015	-0.027
30463	0.076	-0.035	-0.015	-0.027
31437	0.075	-0.035	-0.015	-0.027
32443	0.075	-0.035	-0.015	-0.027
33481	0.074	-0.035	-0.015	-0.027
34552	0.073	-0.035	-0.015	-0.027
35657	0.073	-0.035	-0.015	-0.026
36798	0.072	-0.035	-0.015	-0.026
37975	0.072	-0.035	-0.015	-0.026
39190	0.071	-0.035	-0.015	-0.026
40443	0.071	-0.034	-0.015	-0.026
41737	0.070	-0.034	-0.015	-0.026
43072	0.069	-0.034	-0.015	-0.026
44450	0.069	-0.034	-0.015	-0.025
45872	0.068	-0.034	-0.015	-0.025
47339	0.068	-0.034	-0.015	-0.025
48854	0.067	-0.034	-0.015	-0.025
50416	0.067	-0.034	-0.015	-0.025
52029	0.066	-0.034	-0.014	-0.025
53694	0.066	-0.034	-0.014	-0.025
55411	0.065	-0.034	-0.014	-0.024
57184	0.065	-0.034	-0.014	-0.024
59013	0.064	-0.034	-0.014	-0.024
60901	0.064	-0.034	-0.014	-0.024
62849	0.063	-0.034	-0.014	-0.024
64859	0.063	-0.034	-0.014	-0.024
66934	0.062	-0.034	-0.014	-0.024
69075	0.062	-0.034	-0.014	-0.023
71285	0.061	-0.033	-0.014	-0.023
73565	0.061	-0.033	-0.014	-0.023
75919	0.060	-0.033	-0.014	-0.023
78347	0.060	-0.033	-0.014	-0.023
80854	0.059	-0.033	-0.014	-0.023
83440	0.059	-0.033	-0.014	-0.023
86109	0.058	-0.033	-0.014	-0.023
88864	0.058	-0.033	-0.014	-0.022
91706	0.057	-0.033	-0.014	-0.022
94640	0.057	-0.033	-0.014	-0.022
97668	0.057	-0.033	-0.014	-0.022
100792	0.056	-0.033	-0.014	-0.022
104016	0.056	-0.032	-0.013	-0.022
107344	0.055	-0.032	-0.013	-0.022
110777	0.055	-0.032	-0.013	-0.021
114321	0.054	-0.032	-0.013	-0.021
117978	0.054	-0.032	-0.013	-0.021
121752	0.054	-0.032	-0.013	-0.021
125647	0.053	-0.032	-0.013	-0.021
129666	0.053	-0.032	-0.013	-0.021
133814	0.052	-0.032	-0.013	-0.021
138095	0.052	-0.031	-0.013	-0.020
142512	0.052	-0.031	-0.013	-0.020
147071	0.051	-0.031	-0.013	-0.020
151776	0.051	-0.031	-0.013	-0.020
156631	0.050	-0.031	-0.013	-0.020
161642	0.050	-0.031	-0.013	-0.020
166812	0.050	-0.031	-0.013	-0.020
172149	0.049	-0.031	-0.013	-0.020
177655	0.049	-0.031	-0.013	-0.019
183339	0.048	-0.030	-0.013	-0.019
189203	0.048	-0.030	-0.013	-0.019
195256	0.048	-0.030	-0.012	-0.019
201502	0.047	-0.030	-0.012	-0.019
207948	0.047	-0.030	-0.012	-0.019
214600	0.047	-0.030	-0.012	-0.019
221465	0.046	-0.030	-0.012	-0.019
228549	0.046	-0.030	-0.012	-0.018
235860	0.045	-0.029	-0.012	-0.018
243405	0.045	-0.029	-0.012	-0.018
251192	0.045	-0.029	-0.012	-0.018
259227	0.044	-0.029	-0.012	-0.018
267520	0.044	-0.029	-0.012	-0.018
276077	0.044	-0.029	-0.012	-0.018
284909	0.043	-0.029	-0.012	-0.018
294023	0.043	-0.029	-0.012	-0.017
303429	0.043	-0.028	-0.012	-0.017
313135	0.042	-0.028	-0.012	-0.017
323152	0.042	-0.028	-0.012	-0.017
333489	0.042	-0.028	-0.012	-0.017
344157	0.041	-0.028	-0.012	-0.017
355167	0.041	-0.028	-0.011	-0.017
366528	0.041	-0.028	-0.011	-0.017
378253	0.040	-0.027	-0.011	-0.016
390353	0.040	-0.027	-0.011	-0.016
402840	0.040	-0.027	-0.011	-0.016
415727	0.040	-0.027	-0.011	-0.016
429026	0.039	-0.027	-0.011	-0.016
442750	0.039	-0.027	-0.011	-0.016
456913	0.039	-0.027	-0.011	-0.016
471529	0.038	-0.026	-0.011	-0.016
486613	0.038	-0.026	-0.011	-0.016
502180	0.038	-0.026	-0.011	-0.015
518244	0.037	-0.026	-0.011	-0.015
534822	0.037	-0.026	-0.011	-0.015
551931	0.037	-0.026	-0.011	-0.015
569587	0.037	-0.026	-0.011	-0.015
587807	0.036	-0.026	-0.011	-0.015
606611	0.036	-0.025	-0.011	-0.015
626016	0.036	-0.025	-0.011	-0.015
646041	0.035	-0.025	-0.011	-0.015
666708	0.035	-0.025	-0.010	-0.015
688035	0.035	-0.025	-0.010	-0.014
710045	0.035	-0.025	-0.010	-0.014
732759	0.034	-0.025	-0.010	-0.014
756199	0.034	-0.024	-0.010	-0.014
780389	0.034	-0.024	-0.010	-0.014
805354	0.034	-0.024	-0.010	-0.014
831116	0.033	-0.024	-0.010	-0.014
857703	0.033	-0.024	-0.010	-0.014
885140	0.033	-0.024	-0.010	-0.014
913455	0.033	-0.024	-0.010	-0.013
942676	0.032	-0.023	-0.010	-0.013
972831	0.032	-0.023	-0.010	-0.013
1003952	0.032	-0.023	-0.010	-0.013
1036067	0.032	-0.023	-0.010	-0.013
1069210	0.031	-0.023	-0.010	-0.013
1103413	0.031	-0.023	-0.010	-0.013
1138711	0.031	-0.023	-0.010	-0.013
1175137	0.031	-0.022	-0.010	-0.013
1212729	0.030	-0.022	-0.010	-0.013
1251523	0.030	-0.022	-0.009	-0.013
1291559	0.030	-0.022	-0.009	-0.012
1332875	0.030	-0.022	-0.009	-0.012
1375512	0.029	-0.022	-0.009	-0.012
1419514	0.029	-0.022	-0.009	-0.012
1464923	0.029	-0.022	-0.009	-0.012
1511785	0.029	-0.021	-0.009	-0.012
1560145	0.029	-0.021	-0.009	-0.012
1610053	0.028	-0.021	-0.009	-0.012
1661558	0.028	-0.021	-0.009	-0.012
1714710	0.028	-0.021	-0.009	-0.012
1769562	0.028	-0.021	-0.009	-0.012
1826169	0.027	-0.021	-0.009	-0.011
1884587	0.027	-0.020	-0.009	-0.011
1944873	0.027	-0.020	-0.009	-0.011
2007088	0.027	-0.020	-0.009	-0.011
2071293	0.027	-0.020	-0.009	-0.011
2137552	0.026	-0.020	-0.009	-0.011
2205931	0.026	-0.020	-0.009	-0.011
2276497	0.026	-0.020	-0.009	-0.011
2349321	0.026	-0.020	-0.009	-0.011
2424474	0.026	-0.019	-0.008	-0.011
2502031	0.025	-0.019	-0.008	-0.011
2582069	0.025	-0.019	-0.008	-0.011
2664667	0.025	-0.019	-0.008	-0.011
2749908	0.025	-0.019	-0.008	-0.010
2837875	0.025	-0.019	-0.008	-0.010
2928657	0.024	-0.019	-0.008	-0.010
3022342	0.024	-0.019	-0.008	-0.010
3119025	0.024	-0.018	-0.008	-0.010
3218800	0.024	-0.018	-0.008	-0.010
3321767	0.024	-0.018	-0.008	-0.010
3428027	0.024	-0.018	-0.008	-0.010
3537687	0.023	-0.018	-0.008	-0.010
3650855	0.023	-0.018	-0.008	-0.010
3767643	0.023	-0.018	-0.008	-0.010
3888167	0.023	-0.018	-0.008	-0.010
4012547	0.023	-0.017	-0.008	-0.010
4140905	0.022	-0.017	-0.008	-0.009
4273370	0.022	-0.017	-0.008	-0.009
4410072	0.022	-0.017	-0.008	-0.009
4551146	0.022	-0.017	-0.008	-0.009
4696734	0.022	-0.017	-0.008	-0.009
4846979	0.022	-0.017	-0.007	-0.009
5002030	0.021	-0.017	-0.007	-0.009
5162041	0.021	-0.016	-0.007	-0.009
5327171	0.021	-0.016	-0.007	-0.009
5497583	0.021	-0.016	-0.007	-0.009
5673447	0.021	-0.016	-0.007	-0.009
5854936	0.021	-0.016	-0.007	-0.009
6042231	0.020	-0.016	-0.007	-0.009
6235517	0.020	-0.016	-0.007	-0.009
6434987	0.020	-0.016	-0.007	-0.009
6640837	0.020	-0.016	-0.007	-0.008
6853272	0.020	-0.015	-0.007	-0.008
7072503	0.020	-0.015	-0.007	-0.008
7298747	0.020	-0.015	-0.007	-0.008
7532229	0.019	-0.015	-0.007	-0.008
7773179	0.019	-0.015	-0.007	-0.008
8021837	0.019	-0.015	-0.007	-0.008
8278449	0.019	-0.015	-0.007	-0.008
8543271	0.019	-0.015	-0.007	-0.008
8816563	0.019	-0.015	-0.007	-0.008
9098598	0.019	-0.014	-0.007	-0.008
9389656	0.018	-0.014	-0.007	-0.008
9690024	0.018	-0.014	-0.007	-0.008
10000000	0.018	-0.014	-0.007	-0.008
